0xc70229C034Bf58CA80f237A65297c05ebaCaac0e,100,0.0,0.0,2.0
0xC1E115C64E9F0c167E69c5f2D0c9bfce5E83ac6a,100,0.0,0.0,45.0
0xAa47aEd655c26D6C5F3b299192d5Df5D1E9b17cA,100,0.0,0.0,1.0
0xcC858C43915CeE6f0E5ca722D988D8C5cd893963,137,4.9975,0.0,0.0
0x83044aFA325bf2B542c75dc58326Dc4A9fc86D95,100,0.0,0.0,0.01
0xbD5DECE18C6AA5a5249347EBc322B221AbcDA315,100,0.0,0.0,0.1
0x65f618346028e941E8b994719DA1Dd16fe780c65,100,0.0,0.0,0.19
0xda43AfB6A3a91F6D5eCDbaC6430f0bBC829BEc83,100,0.0,0.0,0.1
0x325b4A5553BF2D41ED2C3F051AE6fF1e8e60D62a,100,0.0,0.0,0.01
0xE25b5A69670D3D7fB153307155545B2eD363C50D,100,0.0,0.0,50.0
0x198cdD2Ea2502894BD6726e8c84bdb0E8811Ebd7,137,0.0,0.0,0.5
0xbd5252b3B9E192d3632D77F69774B3d19Ca81166,100,0.0,0.0,0.01
0xf81c1396490023CA1619a7596Dd05BaCFCdE4Dd0,100,0.0,0.0,0.09
0x20D2F8f7839E76b8D480B72d3C6BE7aC28Ed68F0,100,0.0,0.0,10296.53499729150561317
0x47eC047b1Ac347a68aD3F50296EE899E19eE4580,137,0.0,99.95,0.0
0x176C6E3ab891a3b4Ce037555fCa692A3F23d4C30,137,1193.576975,0.0,0.0
0x4e40c7E096f38b12916792dbeF195864112312F2,100,0.0,0.0,0.98953032
0x0745ac11524155c3eB65fDda0b79A95f47b19c3D,100,0.0,0.0,200.0
0x26986a8EeDA451497f817803610E5bf0f691f15b,100,0.0,0.0,4002.5
0x015cb3F6AE91CC541249c57cAf6d6b5bEDAeb7c3,137,0.0,0.0,4000.49875
0x908De10Ff4f510Ac56a332fe939e4814Bf3EDc98,56,0.0,0.0,29.533034007285302634
0x18a06243c6448b29897eD3679edcA48428bf4137,56,3005.0,0.0,0.0
0x2148A08F7326f99C700d8584be98d6f418d89c8f,56,0.0,0.0,0.009999
0x452008541920bFCb95B76a12E0b4e711F5baf298,56,0.0,0.0,455.30566246437909161
0x9831D701470c72B2d897646D050F5613030EB7d6,56,0.0,0.0,165.172297189916187199
0xa7F20C55EDf622d1eA9BfdfF689C0EE20B30cf4B,56,294.017119,0.0,0.0
0x490A335ad945fAcf22b551abEB08E8B08f83B850,56,0.0,0.0,0.999999999850860229
0x5374D4ed87eeb69BE9A9cC313a2C3Ada47d95cba,56,15.0,0.0,0.0
0x0FcC44Eab6658C55f405f443FD875c3f8C65ccF0,56,0.0,0.0,394.8025
0xEdB302F93EfE84dA49f686B0a466e9a27d75E2C3,100,0.0,0.0,5.0
0x01B32B9299934dA5DEF89Dd0F4972b639De0E4e5,137,0.0,0.0,5.0
0x2d9772a5d658D6b478CFcAD6A4B9D2CFEb86CC05,137,0.0,0.0,1721.09250698
0x8AAFB51Ea227b572885eCC2ecfA45ddC324ce439,100,0.0,0.0,74.0
0x1F068d65761AE83d782037449Aa72aB88802a602,100,0.0,0.0,62.283846998348646958
0x592736aabd4DEE78af349B3b9214C0bafd5Fe4f4,137,0.0,0.0,98.347697537429900123
0x3266b82E32c73b2b56C520D2c5f4D08300550888,100,0.0,0.0,0.0001
0x65375b92Bd6e27F2243963521af58e963801dfde,137,0.0,0.0,57.63
0xD4a94CbDA926C1cb6899bcefCF9fB7b11cCde673,137,0.0,0.0,389.805
0x16D13784Eb51634562360C5fF394623c7a6E963E,137,0.0,0.0,2.11
0x7e812e413db892ebf2f8b1AC10C2b4a2E79813bd,100,0.0,0.0,1.55
0x57afC918Aa14437c71883157cD5dd59bd2d22685,137,0.0,0.0,115.0
0x92D6D1326A7c8D1f2Ad13beab01576313E778c20,100,0.0,0.0,100.0
0xf5D08242Db38F305c36f63E342D031d0459629d1,100,0.0,0.0,1.0
0x760cd3a373729cB888546E7e962b497Dc785B0B3,137,0.0,0.0,100.0
0xe9555310Ea5e86440DDF770Ee697d372ab955D5C,137,0.0,0.0,429.54740099893
0x25Ad1A0286919e082ABEeDfc052FB13e245B1B22,137,0.0,0.0,3.0
0xcFF0dD43c163Efb3697DeF2e63FC2015E0001c8f,137,0.0,0.0,1499.25
0x405DD55B0e760321dFBbB109514aCB9865E0864c,137,194.095208,0.0,0.0
0xE20D7c4E4147d9fFfE631ad7D2687473022F4925,137,0.0,0.0,100.0
0x594f6Fb6b443B97142B588e1F44518CF54eFFE9E,137,0.0,0.0,5.0
0x3f6AF9FB2e22785260b7b3879000075C0E2e99BB,137,0.0,0.0,6383.21730631003774624
0xDaf28480a5aF5926484a1B264017A2A3cd3B153f,137,0.0,0.0,88.554802470844979949
0x69D60818Be2e057E102b93a5Ee0527Ba6d5394c6,56,0.0,0.0,0.37
0xAb9440209E70760d1f2Dd5a5ed86fe339c97517F,137,0.0,0.0,25.0
0x2628157aD23BCaD721Aceca496dbd894324b952A,100,0.0,0.0,1.0
0xaf69103aD6a43ced443284bb533024621ea437dc,137,0.0,0.0,0.9995
0x72b7f15306DA2AC8Fa53083686157BeaB73aA073,137,501.025986,0.0,0.0
0xb3E8505AeAF92edc2161Ff515590e0A2cb923B7a,100,0.0,0.0,862.0
0x225120DE834D8dA7EBdEdF3AfD381BFB7a8A6eA5,137,0.0,0.0,4502.7475
0x42719797263A8CB51864C1004D054Df0451D32c1,137,0.0,0.0,97.6145045832
0xb6cbD5498f18171F53B836B108Cd501B2B1aD2bf,137,529.858292,0.0,0.0
0xF07d02d2B6aa5BC125bB84C567aF0B0e61d3860c,137,0.0,39982.411465,0.0
0xB499aD93C73AE7e2D0BD9aFc69450da74C928965,137,0.0,268.533316,267.252967975310218446
0x25575a81D7f7a60AcCB38f51D7C134185106fA9d,137,69.712321,0.0,0.0
0x28C8fff78193CA6E26346796E8Eb923954F7472C,137,0.0,0.0,0.02
0x8D14d7F8E732B3f672562bdf373822Ba50f2627b,100,0.0,0.0,0.02
0x62f28fa60b62D4ef9Ef02801Ed559875Ed795c5E,137,2895.546476,0.0,0.0
0xab06AB57F29bee44a0Aec6C1bac89B5171CFa5F4,137,0.0,999.5,0.0
0xf4261a2AaED507A9fc89B3E915193da1a3aF5E99,137,32680.4516,0.0,0.0
0xF04998d00Ba7263B82b8D1F704A6d67877c7621D,137,0.0,0.0,11459.235711232335
0x9d7BC161d1F2256A21714039b69adB497CA7b73b,137,1323.262464,0.0,0.0
0x0F8DC99E6A27680F970fe1D57C277b91B39AC957,137,0.0,0.0,7902.047
0xCFc6d9d8318C237EF4930b14C801100151e9E342,56,0.0,0.0,548.283059657836329513
0x2303bBc285A44DbCd828dfF04d60F6955dc30188,137,0.0,0.0,20.0
0xf3F3bf07506EEBbD517E7e5d7A941A7DB84d7705,137,0.0,46777.706477,0.0
0x15F3e0b4F0120495656e010A70554C9f519e4009,100,0.0,0.0,23.0965803
0xa697e44Ee5C3bdbfBf3A5bBBa4E9a637C3244D45,137,3015.886948,0.0,0.0
0xDF4d6E3Ac61d13d1Fa141B5C4ED01CB7df1F6Ee9,137,9.995,0.0,0.0
0x31ec7f5A3508C3A08c4aFa189DCd54c480e9A2c8,56,10.0,0.0,0.0
0x73Ac9a7E675F9691A203D9A0307Be33A1B158dE1,137,19.98,0.0,0.0
0x809f2D97B80a07A1db9cf62D01b5CDaE0a5F2a0C,56,20.0,0.0,0.0
0xA974223c4143cc4c790FdbedfDe57917f1971198,56,0.0,1000.0,0.0
0x9F8023fdBcF146F9aDB66502194D236a127E6038,137,2597.5998,0.0,0.0
0xD8A4dFE9F99504c5c931C6ca1ebCf0e50617b649,56,0.0,0.0,25.013
0x8fd320C520e7E6Ddf8DDE23EdC7bf71Fca254327,137,560.914922,0.0,0.0
0x6f2096F2265f47330E24965A667Eac39B284BFE0,56,0.0,0.0,2.001000500250125
0xF8F840D335b5194418fC736A8FD4a4D9Eb8fb7D8,56,0.0,10.0,0.0
0x1f5A49D2c6AA4B8Da9080e89b06552C20dD6cB62,137,1396.093222,0.0,0.0
0x2E72684288A712f20cD66FC090DeedD99ab66e78,56,0.0,0.0,1635.013910270367094432
0x0E99b9dA0799994dAc7F09bd85F249A654c26A40,100,0.0,0.0,460.0
0xBC19d63102Ab045Db0dF818454217801bbfC80ab,137,0.0,17.291188,0.0
0x6eB41F2e565B742Ff7ECF7B746B1DD248e84668b,56,0.0,17.299838385396927044,0.0
0xb78Ea05F19447EE4087c9D610A3d42985Cc871c1,56,0.0,0.0,3944.188211025399624251
0x3e970bF01630b260C3037f00fB9Da2fca67CEd63,137,0.0,1687.590124,0.0
0x020D4420E054Fe44E0F75f706278bB731fC92704,137,0.0,3.675408,0.0
0x03907246B7232F3Ebf64411b20894c3c28327893,100,0.0,0.0,180.0
0xa9fC02b441E5666da61883aC3a6d9Fc5D90C34f4,56,0.0,9.2,0.0
0xD63C1BDE1c291A85AFf8FbE33a69b1583e33A5a7,56,0.0,8000.482534500724904355,0.0
0x23Ef79763cFAa5378Ca9dF2457DE46e92FEB7dBe,137,5.94775,0.0,0.0
0x90c22660d9760B4A1B7A89feE7cC3798F14e94FC,137,3224.636769,0.0,0.0
0xa92cFdfC0a96e7f8a798dcd52BCF623a34ae6a0F,56,0.0,0.0,2.0
0xDAbFAC9a25fB14d89Ee28DfAe5C3b23b1d447744,137,0.0,7836.08,0.0
0x3D0B971E964A8ed6A2f2A2A0F2b2545630963D06,137,3998.0,0.0,0.0
0xf878fF97E41687a91cf26F8dcCC2d877e7557b45,137,0.0,303.80802,0.0
0xeEeBFe9c06c3BaEBdf7100A130d37E0704Eca46C,56,0.0,33.897317533257495565,0.0
0x1FA896136028662A4eb4c9dB66aF61b7d28c93f0,137,499.75,13748.1225,0.0
0xce627E2eF5cF9ED9Ac1b286Ec2a823e587dc7bff,137,9.995,0.0,0.0
0x9df0889D64d83543E4E880cE9e3A1c8BfbE9d7d9,137,0.0,0.0,9.995
0x6C7fe26F4dB02EF63E9815359404b0Ee022DE378,56,0.0,0.0,10.0
0x9DFdee0B671B1368f2c40856B22CFD6486AD97fB,137,0.0,0.0,9.995
0x768Ae26044A18F0Ab6755904A3c44995c69da497,56,0.0,20.0,0.0
0xCD1e8A99c6D5B37Ba6288d689DD0db0AB496072f,137,0.0,59.97,0.0
0x06422b2658f407A0A3c5687b287D7BB9485bA585,137,0.0,0.0,736.83791645341652698
0xef854D2C177Fe1DA9349AbdF0dC359Ed0001efAa,56,49.987794347130591484,0.0,0.0
0x50dE9ad8f5039174e752885874F5879f4C39e623,100,0.0,0.0,4997.5
0xE7d6bA34D4575885F5f405287E11dBc62932ADa1,137,253.902516,0.0,0.0
0x70C389030d0E34e15af431846eE3D0581f102005,137,0.0,11087.619265,0.0
0xD0cA6Eedf72CB9202699e58A490FD528c88bdF92,137,1.999,0.0,0.0
0x39752974D85c3cb0D4DC9DB88eC6A543C28DaB02,56,0.0,0.0,1835.254699722500358011
0x2CbC52448dd1F921a3e7B7A345bEBD9d1632209E,56,8.347210795385098138,0.0,0.0
0xFb3A11e2E75f04701A13D6c71FF411162393e3a7,137,19937.01843,0.0,0.0
0x8555Ac8C7F2a65494cEB625408317aBE69D6411b,56,0.0,0.0,92.728853017208342807
0x6DB74C495f40b6C4e71BcF5aDFdb0AbB99e99418,56,3.7,0.0,0.0
0x612Bc5754ea75658D0b98EeBBCD8f7f694533951,137,0.0,1.0,0.0
0x4123C8D5115305227272412AC41db34E7cB6787E,56,106.332032,0.0,0.0
0x5ec03829a698c478d799fBf987b7e50FB4f03166,137,106.278865,0.0,0.0
0x13C27801a9277FeBC958c3De02456a30C884Ac9d,56,0.0,20.0,0.0
0x15fCa94b16Eb48BcB4fbE1F3307652B1B2631915,100,0.0,0.0,5.085566580369340411
0xE13f7964Fbbe74FC1f8486aBB137E437Bfc74370,56,116.417909570073516824,0.0,0.0
0x34EbB8EDF1A84820A8642ef971B6C73cD8a94645,137,116.3597,0.0,0.0
0x0415EBB65bdFe8c0761CCDb59BD3a99ac04e7119,56,0.0,0.0,431.784
0x70BE2259b17bdc585411587139CB39A12EF100E4,137,536.486024,0.0,0.0
0xE48BE9FC2B377aE8D4ccef62D4F2b57263f9c8df,56,0.0,0.0,722.147700048898479776
0x56BB1dd5373eD49C473F35e7Ebee6BfD4faAbb17,137,749.625,0.0,0.0
0x65f6701EE29AA84DC0f32B9af4512c2e0417A155,137,0.0,1311.510339,0.0
0x4CeeE4d1F23D6255B77827A5588fA2F83bD93852,56,0.0,437.388807739466946848,0.0
0x9664917Ce07817D6F8E8662cF23Ef27520727e57,56,0.0,1262.828936,0.0
0xdbf5F382A0D88A45a7b3BB2DB21D17ac322290E1,56,0.0,80.0,0.0
0x54700CafDc2651954bfDe760cc91575d4A6A7056,56,0.0,0.0,12.0
0x57E58894B71BD71e1148e2e10489fccE68B8c20E,137,0.0,995.058204,0.0
0x77FbAe2F2F9b0008EB7CB0c10fE4944E4d757985,137,0.0,0.0,29652.011648055936735338
0x3d83e5b9F5eC1680095d519390fE57e0362F84E6,56,0.0,589.2,0.0
0xd01fDe9C69fa5085F1f153192a9239986BF28Ad1,56,15.0,0.0,0.0
0x3FeD1b72077CF9Df65DEFC8f3525a8577C50C182,100,0.0,0.0,9.995
0xd67eD197470C00ff8dA13463b44e087b8d259661,56,115.113996775811490486,0.0,0.0
0x95FA2f055C7e26085C685011ADa616E08A407329,137,0.0,0.0,39930.528597965915052916
0xB31825f4eF2772eBa14059997586AA3fe4A00E15,100,0.0,0.0,432.0
0x21b05A34C1b357c0eEA2692dE0D7A14847167D8A,137,0.0,7991.816528,0.0
0xB888373CC82D1e50a5Ce6304221eA0c189747f4D,137,2.9985,0.0,0.0
0x0Eb6bc3A6287D28c76a32EE190b536dDDeb5fe2d,100,0.0,3.443811,0.0
0x391BB66050fa1952cb2334c208B772e789520756,137,13075.312443,0.0,0.0
0x372E5ba795BafB53F3bf4D7d9576AC6BC30cE007,56,0.0,1000.0,0.0
0x8D65485cADbaB244c6441840ddF4314995303a09,56,10074.96,0.0,0.0
0xd3CCFb9BE66c13F5298F613397eBa0499F50Be7E,137,0.0,199.795539,0.0
0xA66e8064620d950b29Ac9684A808adca6Ae0D605,137,0.0,187.595135,0.0
0x77eF55cc15C1764d2e1a960e65B07f6EcEFD1e9E,137,0.0,14512.524411,0.0
0x88A111ebb674B8F8ed5Ab5DFA6940AAD0c3F3F63,137,0.0,0.0,2577.991589709339706794
0x3E9D9B97cABf93f053044560cdf3dae4984f3101,137,0.0,0.0,2994.865317863363134494
0x3a9A513f5e9F20404094C7734Ea1aAa73768b495,56,0.0,0.0,998.787833204389906451
0xE8786c4Ac5aD3d00e7D39ABd2036d65f7857FB25,56,0.0,2023.103253249877502997,0.0
0x7535B319cCCC03675F6B0eb1188DC0BF08D6D38d,137,0.0,48.9755,0.0
0x6DE28ceDEf76cE81a654B14A5e5301cd05FEaB23,100,0.0,1.0,0.0
0xf39D697E86BD7556f6A87F67D210D330FeC32688,137,0.0,140.474609,0.0
0xd8dD7958a42fF28C33da0b5FcFDc648427C9AAa6,137,0.0,12683.652732,0.0
0x5130B5FF1548894f14EAeee05047BE8140B8eE0F,56,0.0,12.057723902499673493,0.0
0x4Fb1229Cf33B19974d85e7095E40f294ab4dBA45,137,0.0,2385.186845,0.0
0x9b2611D3a2780d85308bFEe38BdFefEADAc0f24f,137,0.0,0.0,5.0
0xc4431aca466e40454395C91F93ff7e94cb0cD387,56,0.0,9.995,0.0
0x6C6dAc47506d4447664D252Ee739C9A9A322816e,137,5255.593448,0.0,0.0
0x52DF5E35D598DD98eBa683bc6a2533e000d64ce0,137,21330.289619,0.0,0.0
0x4a264be89980c97ED6329B311980342289096291,137,0.0,0.0,26000.999999999999187469
0xc01Ed0ea6c5C6618CA076c01c2C269e1Cd91cccC,56,49.66104,0.0,0.0
0xB1aF881EBe1df511A15D05B6eDBa9c6350b8a6FC,137,271.183934,1334.312517,0.0
0x1474CBe452280c1d730a8e8ed64908D7AF167db0,56,0.0,1.999,0.0
0xE755911F1982659d5711FBa07D8a34FcFb28e8B1,56,0.0,0.009962632769946538,0.0
0xDd0e32Eb13Fd1E6F7C84B1639BDa51301C9DdD5C,137,10.954599,0.0,0.0
0x00baD8cC4dB9C14cA2FF32A577c582445d3A621D,56,0.0,1256.153193525630953629,0.0
0xF0804d97B5617f261Dc7bca6dc3bd48B583Fa691,137,999.5,0.0,0.0
0x3Aaf5b7e2F3b70C559b8Cb18aB69ff7c7dcA7e5D,137,0.0,4.9975,0.0
0x126Bc42c7Be5E2c7fac8619C035ff0846d64B678,137,0.0,253.439634,0.0
0xa925b96924b027461f4A0F033f4BCf244987de5d,56,43.264128452954716269,0.0,0.0
0x726221C339868323b2254a9819cbb05c92fC7E0c,137,2986.391698,0.0,0.0
0x34cD62FFE966F2f5dAfa70F16cC54cF2190D5DD6,56,0.0,0.9995,0.0
0x05F6603aa04251fb12a4D40536CC7dE2Eb177C15,137,0.0,1.0,0.0
0x33515354D84BB060159D02d7AbD7e7051fC5b457,137,0.0,22.9885,0.0
0x929FbFb021927D42f35Bf7C23e576853a5A392A7,56,1.124220043710586349,0.0,0.0
0x95Fc6f6a8Ae4Ee551DE7500eeF2fd0de4160E9e0,137,0.0,0.0,0.9995
0x3ac3f3b4150e174e47053D17A095f386145F01a8,100,0.0,0.0,1.0
0x96454272e829016c28884aB1a8a8EFE95414D43e,137,279.411521,0.0,0.0
0xE959E1ce8Eb28562C6B03D096C7b2Bd12A1cb60e,56,0.0,199.9,0.0
0xCE684AB74754427B54F068d02635B517c1efea86,137,0.0,200.0,0.0
0x0E05ACf590E4aBaAE37775daD65e64D35829797e,56,5003.0,0.0,0.0
0x112519B270A2362b16F8752f5553FDFfA0F8f1db,137,199.9,0.0,0.0
0x313fc964fF70d73Ed020458aa0844A7656AB6a9f,137,0.0,999.5,0.0
0xfF269734F82Ea7eb84691b96f6E2305a15537B0c,137,0.0,2694.886947,0.0
0xb3A84CECFF5ca197A264Ad8CD27b5445d977994B,137,100.9495,0.0,0.0
0xa910F102994BdeC54f8F3fa5F9c5F772F77B666e,137,19.99,19.99,0.0
0xF674C3176d0029603b95704eeA7552CF97222886,56,0.0,0.0,25.591374595687061817
0xb1240AB27f5E7C99F908FcDd9F36f414F83b29B9,56,50.0,0.0,0.0
0xB49118F2f0CF21306d6035e3f7d2f17bfDe8b424,137,0.0,653.615576,0.0
0x4aDCf2d60bccf587A42E9BE3CaaD3B07537055f8,137,13493.25,0.0,45604.097982405837557682
0x92ff67c5838A5fA4272D7be6cE50bF9f880Df33B,56,99.2,0.0,0.0
0xB0ef3CBDfAdcD4D0726Edd960bCfdf04eFF9ec8F,137,0.0,0.0,18.1562303435
0x4b59F6350F46B4CE7fD9C41E6cD23D5C1afD9B8b,137,42841.463228,0.0,0.0
0xB0a1B933E79281bCD6885716ef6fcb2cF7b0F6Da,137,0.0,325.643444,0.0
0xD3399C59392fEDB840eCd925E4334ab320df02ae,137,2741.468016,600.000147,0.0
0x838B6216e942568Df33aDB6d9985c18F24e025F8,56,4616.62527364,2512.796516,0.0
0xE99c0C3eD94F0B717199598D1616Bdd8729634Bb,137,0.0,0.0,1211.326387482618164881
0x28958A72c2015Fea491516635A0D76B707ceB1E0,100,0.0,21.0,0.0
0x6aaec2D745B55D4e940C4d82CBe81a9eFBc8756B,137,90.536342,0.0,0.0
0xd1F8dC2b6cEfc9Fa07aFA7C15C8d3f1367e93153,137,0.0,0.0,338.095422420741984284
0xceB6e222892d6b862B49A44c8FD3817270732191,137,0.0,1.0,0.0
0xdaA7a8f84Ab828fBECF78DC7279eef0892C07A89,137,0.0,0.0,9.945207997195175628
0x6f0074916F681Aa5FFE065095Bc06660E575A206,137,99.2,0.0,0.0
0x8e06D7AaCbb0c29EdCA67fB2070FD0a1fA3Dd06F,137,0.0,733.055596,1000.0
0x4deDB4832e87780f03Af7b2cA33D804044c74fE6,100,36.251865,0.0,100.243162280576666362
0x27C41aaa51e40c277A8b5A713363Ef2E7F2bb8a6,56,18.9451275,0.0,0.0
